2021;1;1;2;1012;
2021;1;2;4;1017;
2021;1;3;5;1014;
2021;1;4;6;1013;
2021;1;5;5;1010;
2021;1;6;4;1012;2
2021;1;7;2;1014;1
2021;1;8;1;1017;
2021;1;9;-2;1021;
2021;1;10;-3;1024;
2021;1;11;-1;1022;
2021;1;12;-4;1017;
2021;1;13;2;1012;
2021;1;14;0;1009;
2021;1;15;-1;1017;
2021;1;16;-3;1020;
2021;1;17;-4;1018;
2021;1;18;-6;1023;
2021;1;19;0;1022;
2021;1;20;5;1016;
2021;1;21;9;1013;
2021;1;22;9;1008;
2021;1;23;9;1001;1
2021;1;24;5;999;
2021;1;25;3;1000;1
2021;1;26;2;1011;
2021;1;27;1;1015;
2021;1;28;-1;1012;
2021;1;29;3;1002;5
2021;1;30;7;999;4
2021;1;31;1;1005;1
2021;2;1;-1;1004;
2021;2;2;0;1012;
2021;2;3;2;1012;1
2021;2;4;9;1013;
2021;2;5;6;1017;
2021;2;6;4;1014;
2021;2;7;1;1007;1
2021;2;8;3;997;5
2021;2;9;0;1003;21
2021;2;10;1;1005;7
2021;2;11;-3;1013;4
2021;2;12;-7;1029;
2021;2;13;-6;1035;
2021;2;14;-3;1037;
2021;2;15;-2;1036;
2021;2;16;-2;1029;
2021;2;17;2;1020;
2021;2;18;6;1021;
2021;2;19;3;1024;3
2021;2;20;2;1027;1
2021;2;21;4;1030;
2021;2;22;6;1030;
2021;2;23;7;1034;
2021;2;24;8;1037;
2021;2;25;9;1034;
2021;2;26;10;1028;
2021;2;27;10;1028;
2021;2;28;6;1034;
2021;3;1;6;1033;
2021;3;2;6;1036;
2021;3;3;7;1031;
2021;3;4;8;1020;
2021;3;5;7;1015;
2021;3;6;3;1031;
2021;3;7;1;1027;
2021;3;8;2;1018;
2021;3;9;1;1022;
2021;3;10;2;1020;
2021;3;11;2;1020;
2021;3;12;9;1012;1
2021;3;13;8;1013;
2021;3;14;8;1008;1
2021;3;15;8;1006;
2021;3;16;6;1009;
2021;3;17;5;1013;
2021;3;18;4;1017;
2021;3;19;2;1017;1
2021;3;20;1;1022;
2021;3;21;1;1019;
2021;3;22;4;1013;
2021;3;23;4;1020;
2021;3;24;6;1021;
2021;3;25;6;1023;
2021;3;26;8;1024;
2021;3;27;11;1023;
2021;3;28;10;1031;
2021;3;29;10;1033;
2021;3;30;14;1031;
2021;3;31;15;1027;
2021;4;1;16;1017;
2021;4;2;16;1012;
2021;4;3;9;1014;
2021;4;4;7;1019;
2021;4;5;7;1012;
2021;4;6;5;1006;1
2021;4;7;3;1012;
2021;4;8;2;1022;4
2021;4;9;6;1027;
2021;4;10;11;1020;
2021;4;11;12;1020;
2021;4;12;14;1018;
2021;4;13;5;1018;21
2021;4;14;5;1019;13
2021;4;15;5;1021;
2021;4;16;6;1020;
2021;4;17;7;1019;
2021;4;18;8;1018;2
2021;4;19;8;1016;4
2021;4;20;10;1014;7
2021;4;21;10;1015;
2021;4;22;12;1017;
2021;4;23;11;1023;
2021;4;24;10;1024;
2021;4;25;11;1019;
2021;4;26;9;1019;
2021;4;27;10;1014;
2021;4;28;12;1012;
2021;4;29;15;1009;1
2021;4;30;16;1011;
2021;5;1;19;1010;
2021;5;2;16;1007;
2021;5;3;12;1019;
2021;5;4;13;1016;
2021;5;5;13;1007;
2021;5;6;12;1014;5
2021;5;7;11;1011;2
2021;5;8;11;1021;
2021;5;9;14;1022;
2021;5;10;19;1018;
2021;5;11;21;1013;
2021;5;12;19;1006;1
2021;5;13;14;1004;3
2021;5;14;14;1007;
2021;5;15;14;1010;1
2021;5;16;14;1008;1
2021;5;17;13;1005;13
2021;5;18;15;1009;2
2021;5;19;12;1012;5
2021;5;20;14;1014;22
2021;5;21;15;1017;
2021;5;22;14;1013;1
2021;5;23;12;1016;29
2021;5;24;14;1022;1
2021;5;25;15;1016;1
2021;5;26;15;1020;
2021;5;27;17;1016;
2021;5;28;17;1017;
2021;5;29;16;1018;
2021;5;30;14;1019;5
2021;5;31;14;1019;3
2021;6;1;15;1018;
2021;6;2;16;1021;
2021;6;3;18;1024;
2021;6;4;20;1024;
2021;6;5;21;1020;
2021;6;6;21;1018;
2021;6;7;21;1018;
2021;6;8;23;1017;
2021;6;9;24;1016;
2021;6;10;21;1016;
2021;6;11;21;1016;21
2021;6;12;22;1015;
2021;6;13;19;1017;5
2021;6;14;18;1020;
2021;6;15;21;1018;
2021;6;16;23;1017;
2021;6;17;25;1018;
2021;6;18;26;1018;
2021;6;19;27;1015;
2021;6;20;26;1013;
2021;6;21;27;1009;
2021;6;22;28;1008;
2021;6;23;29;1013;
2021;6;24;30;1014;
2021;6;25;27;1013;1
2021;6;26;25;1015;
2021;6;27;25;1016;
2021;6;28;27;1016;
2021;6;29;29;1011;
2021;6;30;26;1009;
2021;7;1;22;1011;
2021;7;2;20;1013;
2021;7;3;22;1013;
2021;7;4;23;1012;
2021;7;5;25;1010;
2021;7;6;27;1013;
2021;7;7;28;1015;
2021;7;8;31;1017;
2021;7;9;25;1016;1
2021;7;10;25;1016;
2021;7;11;24;1014;
2021;7;12;26;1013;
2021;7;13;28;1011;
2021;7;14;29;1009;
2021;7;15;25;1012;4
2021;7;16;25;1012;
2021;7;17;23;1011;20
2021;7;18;24;1010;2
2021;7;19;21;1012;64
2021;7;20;23;1013;
2021;7;21;21;1019;
2021;7;22;22;1020;
2021;7;23;23;1017;
2021;7;24;23;1015;
2021;7;25;25;1013;1
2021;7;26;27;1013;
2021;7;27;27;1015;
2021;7;28;28;1012;
2021;7;29;26;1013;
2021;7;30;27;1012;
2021;7;31;25;1009;
2021;8;1;24;1007;10
2021;8;2;21;1012;
2021;8;3;21;1016;2
2021;8;4;23;1014;
2021;8;5;20;1006;11
2021;8;6;20;1007;
2021;8;7;23;1011;
2021;8;8;24;1012;
2021;8;9;24;1018;17
2021;8;10;25;1018;
2021;8;11;24;1017;
2021;8;12;24;1021;
2021;8;13;25;1022;
2021;8;14;26;1020;
2021;8;15;28;1015;
2021;8;16;25;1010;3
2021;8;17;19;1013;10
2021;8;18;17;1017;
2021;8;19;19;1017;
2021;8;20;20;1017;
2021;8;21;22;1018;
2021;8;22;23;1018;
2021;8;23;20;1016;6
2021;8;24;20;1016;
2021;8;25;18;1017;5
2021;8;26;16;1012;
2021;8;27;16;1012;1
2021;8;28;15;1015;
2021;8;29;16;1012;10
2021;8;30;17;1012;
2021;8;31;16;1015;
2021;9;1;18;1018;
2021;9;2;18;1023;
2021;9;3;18;1022;
2021;9;4;18;1018;
2021;9;5;20;1021;
2021;9;6;17;1025;
2021;9;7;17;1025;
2021;9;8;19;1024;
2021;9;9;19;1021;
2021;9;10;19;1019;
2021;9;11;19;1018;
2021;9;12;20;1016;
2021;9;13;21;1016;
2021;9;14;21;1017;
2021;9;15;22;1017;
2021;9;16;22;1013;
2021;9;17;19;1010;5
2021;9;18;16;1013;
2021;9;19;15;1013;
2021;9;20;13;1017;
2021;9;21;12;1025;
2021;9;22;12;1023;2
2021;9;23;13;1022;
2021;9;24;15;1015;
2021;9;25;18;1020;
2021;9;26;19;1020;
2021;9;27;18;1017;12
2021;9;28;19;1018;
2021;9;29;15;1021;2
2021;9;30;14;1026;18
2021;10;1;12;1027;
2021;10;2;14;1024;
2021;10;3;14;1021;
2021;10;4;16;1020;
2021;10;5;18;1019;
2021;10;6;12;1020;8
2021;10;7;13;1022;6
2021;10;8;12;1026;
2021;10;9;9;1028;
2021;10;10;9;1026;5
2021;10;11;11;1021;
2021;10;12;10;1016;
2021;10;13;8;1017;
2021;10;14;8;1024;
2021;10;15;5;1023;
2021;10;16;8;1020;
2021;10;17;8;1023;
2021;10;18;8;1026;
2021;10;19;9;1029;
2021;10;20;10;1023;
2021;10;21;15;1012;2
2021;10;22;12;1017;
2021;10;23;10;1025;
2021;10;24;6;1033;
2021;10;25;6;1031;
2021;10;26;6;1026;
2021;10;27;6;1028;
2021;10;28;7;1028;
2021;10;29;8;1024;
2021;10;30;11;1022;
2021;10;31;9;1020;
2021;11;1;9;1012;
2021;11;2;8;1004;5
2021;11;3;7;1011;
2021;11;4;12;1008;27
2021;11;5;8;1020;
2021;11;6;8;1029;
2021;11;7;8;1023;1
2021;11;8;9;1021;
2021;11;9;6;1030;
2021;11;10;4;1035;
2021;11;11;4;1030;
2021;11;12;5;1024;
2021;11;13;3;1021;1
2021;11;14;6;1022;
2021;11;15;9;1027;
2021;11;16;6;1028;
2021;11;17;6;1024;
2021;11;18;8;1027;
2021;11;19;8;1026;
2021;11;20;10;1022;
2021;11;21;4;1015;
2021;11;22;7;1016;
2021;11;23;6;1025;
2021;11;24;0;1027;
2021;11;25;2;1018;
2021;11;26;4;1002;8
2021;11;27;3;999;
2021;11;28;6;997;7
2021;11;29;3;998;
2021;11;30;3;1009;
2021;12;1;6;1007;5
2021;12;2;6;1002;12
2021;12;3;4;1009;9
2021;12;4;-2;1013;
2021;12;5;1;1007;3
2021;12;6;3;1008;3
2021;12;7;1;1011;
2021;12;8;-1;1012;
2021;12;9;1;1007;14
2021;12;10;1;1006;1
2021;12;11;2;1011;
2021;12;12;2;1018;
2021;12;13;2;1024;
2021;12;14;-1;1028;
2021;12;15;-1;1031;
2021;12;16;3;1031;
2021;12;17;6;1029;
2021;12;18;4;1030;
2021;12;19;5;1019;
2021;12;20;4;1017;
2021;12;21;0;1025;
2021;12;22;-3;1029;
2021;12;23;-3;1024;
2021;12;24;3;1009;4
2021;12;25;5;1007;
2021;12;26;-1;1014;
2021;12;27;-1;1013;
2021;12;28;-1;1012;5
2021;12;29;1;1010;5
2021;12;30;2;1020;3
2021;12;31;9;1022;
2022;1;1;12;1022;
2022;1;2;8;1023;
2022;1;3;9;1015;1
2022;1;4;8;1008;
2022;1;5;8;1003;2
2022;1;6;4;1013;
2022;1;7;-1;1023;
2022;1;8;-2;1018;
2022;1;9;-3;1010;
2022;1;10;0;1014;
2022;1;11;1;1027;
2022;1;12;-3;1035;
2022;1;13;-3;1037;
2022;1;14;5;1027;
2022;1;15;3;1028;
2022;1;16;-5;1028;
2022;1;17;4;1021;1
2022;1;18;2;1032;
2022;1;19;-1;1032;
2022;1;20;-1;1020;
2022;1;21;0;1022;
2022;1;22;1;1022;7
2022;1;23;-2;1029;
2022;1;24;-4;1037;
2022;1;25;-3;1033;
2022;1;26;0;1028;
2022;1;27;3;1024;
2022;1;28;5;1021;
2022;1;29;3;1026;
2022;1;30;6;1015;1
2022;1;31;4;1011;
2022;2;1;3;1011;
2022;2;2;4;1008;4
2022;2;3;4;1021;
2022;2;4;4;1018;
2022;2;5;4;1019;
2022;2;6;3;1020;
2022;2;7;6;1008;4
2022;2;8;5;1024;
2022;2;9;9;1027;
2022;2;10;5;1025;
2022;2;11;6;1023;
2022;2;12;4;1033;
2022;2;13;2;1030;
2022;2;14;4;1020;
2022;2;15;8;1015;2
2022;2;16;7;1015;2
2022;2;17;8;1005;3
2022;2;18;9;1013;
2022;2;19;10;1014;
2022;2;20;6;1019;
2022;2;21;5;1009;6
2022;2;22;6;1013;
2022;2;23;6;1023;
2022;2;24;4;1025;
2022;2;25;5;1020;
2022;2;26;6;1027;
2022;2;27;5;1030;
2022;2;28;2;1029;1
2022;3;1;3;1030;
2022;3;2;2;1024;
2022;3;3;2;1018;
2022;3;4;2;1018;
2022;3;5;3;1021;
2022;3;6;2;1021;
2022;3;7;0;1020;
2022;3;8;2;1022;
2022;3;9;4;1022;
2022;3;10;2;1028;
2022;3;11;-1;1034;
2022;3;12;0;1033;
2022;3;13;2;1029;
2022;3;14;5;1033;
2022;3;15;8;1032;
2022;3;16;7;1023;
2022;3;17;6;1031;
2022;3;18;5;1040;
2022;3;19;6;1040;
2022;3;20;4;1042;
2022;3;21;5;1040;
2022;3;22;10;1036;
2022;3;23;12;1031;
2022;3;24;12;1025;
2022;3;25;12;1026;
2022;3;26;13;1027;
2022;3;27;12;1028;
2022;3;28;12;1025;
2022;3;29;13;1011;
2022;3;30;13;1004;
2022;3;31;10;997;15
2022;4;1;9;993;9
2022;4;2;4;1001;5
2022;4;3;3;1012;9
2022;4;4;3;1019;
2022;4;5;7;1010;
2022;4;6;13;1009;
2022;4;7;12;999;
2022;4;8;14;1001;
2022;4;9;9;1003;25
2022;4;10;8;1014;
2022;4;11;8;1021;
2022;4;12;9;1021;
2022;4;13;11;1023;
2022;4;14;13;1022;
2022;4;15;14;1019;1
2022;4;16;11;1021;1
2022;4;17;8;1025;3
2022;4;18;7;1018;
2022;4;19;7;1013;
2022;4;20;9;1014;
2022;4;21;10;1013;
2022;4;22;9;1008;6
2022;4;23;10;1007;
2022;4;24;14;1006;3
2022;4;25;14;1007;
2022;4;26;14;1014;
2022;4;27;13;1017;6
2022;4;28;14;1022;8
2022;4;29;15;1025;
2022;4;30;15;1022;
2022;5;1;16;1019;
2022;5;2;16;1016;
2022;5;3;16;1015;
2022;5;4;15;1017;4
2022;5;5;17;1020;
2022;5;6;18;1021;
2022;5;7;18;1020;
2022;5;8;18;1021;
2022;5;9;17;1024;
2022;5;10;19;1021;2
2022;5;11;19;1019;
2022;5;12;23;1017;
2022;5;13;22;1017;
2022;5;14;21;1018;
2022;5;15;21;1019;
2022;5;16;21;1018;
2022;5;17;19;1016;4
2022;5;18;17;1025;
2022;5;19;17;1028;
2022;5;20;20;1022;
2022;5;21;22;1015;
2022;5;22;20;1015;
2022;5;23;18;1012;
2022;5;24;17;1011;8
2022;5;25;20;1013;1
2022;5;26;20;1021;
2022;5;27;23;1018;
2022;5;28;18;1015;
2022;5;29;14;1013;4
2022;5;30;15;1013;
2022;5;31;17;1016;
2022;6;1;20;1016;3
2022;6;2;21;1017;
2022;6;3;24;1020;
2022;6;4;21;1017;14
2022;6;5;22;1017;
